                                                Corr matrix for Stregnth

                    The CORR Procedure
          11 Variables:    Cement__component_1__kg_in_a_m_3   Blast_Furnace_Slag__component_2_   Fly_Ash__component_3__kg_in_a_m_   Water___component_4__kg_in_a_m_3   Superplasticizer__component_5__k   Coarse_Aggregate___component_6__   Fine_Aggregate__component_7__kg_   Age__day_   Concrete_compressive_strength_MP   Q   lop
                    Simple Statistics
Variable         N      Mean   Std Dev       Sum   Minimum   Maximum
--------  --------  --------  --------  --------  --------  --------
Cement__component_1__kg_in_a_m_3        20  294.86500  112.79744   5897.30000  139.60000   540.00000
Blast_Furnace_Slag__component_2_        20  104.17500   67.23016   2083.50000    0.00000   209.40000
Fly_Ash__component_3__kg_in_a_m_        20    5.91500   26.45268    118.30000    0.00000   118.30000
Water___component_4__kg_in_a_m_3        20  205.13000   25.90148   4102.60000  151.40000   228.00000
Superplasticizer__component_5__k        20    2.50500    5.24680     50.10000    0.00000    18.60000
Coarse_Aggregate___component_6__        20  963.93000   41.03679  19278.60000  932.00000  1047.00000
Fine_Aggregate__component_7__kg_        20  706.16000   87.12804  14123.20000  594.00000   825.50000
Age__day_                               20  122.75000  128.77515   2455.00000    3.00000   365.00000
Concrete_compressive_strength_MP        20   39.31900   12.48984    786.38000   15.34000    79.99000
Q                                       20    0.80000    1.15166     16.00000    0.00000     3.00000
lop                                     20    3.62421    0.32510     72.48412    2.73046     4.38190
   Pearson Correlation Coefficients, N = 20
          Prob > |r| under H0: Rho=0
            Cement__component_1__kg_in_a_m_3  Blast_Furnace_Slag__component_2_  Fly_Ash__component_3__kg_in_a_m_  Water___component_4__kg_in_a_m_3  Superplasticizer__component_5__k  Coarse_Aggregate___component_6__  Fine_Aggregate__component_7__kg_  Age__day_  Concrete_compressive_strength_MP         Q       lop
--------  --------  --------  --------  --------  --------  --------  --------  --------  --------  --------  --------
Cement__component_1__kg_in_a_m_3   1.00000  -0.73282  -0.09070   0.03657  -0.02785  -0.18330  -0.59156  -0.06526   0.21821  -0.06196   0.05636
              .       0.0002    0.7037    0.8784    0.9072    0.4392    0.0060    0.7846    0.3554    0.7952    0.8134
Blast_Furnace_Slag__component_2_  -0.73282   1.00000  -0.36472  -0.00405   0.14584  -0.09564   0.29618   0.20790  -0.04054   0.21929   0.07592
            0.0002      .       0.1139    0.9865    0.5395    0.6884    0.2048    0.3791    0.8652    0.3529    0.7504
Fly_Ash__component_3__kg_in_a_m_  -0.09070  -0.36472   1.00000  -0.15112   0.17473   0.36978   0.13923  -0.17318  -0.32902  -0.16350  -0.39064
            0.7037    0.1139      .       0.5248    0.4612    0.1086    0.5582    0.4653    0.1566    0.4910    0.0886
Water___component_4__kg_in_a_m_3   0.03657  -0.00405  -0.15112   1.00000  -0.72848  -0.68702  -0.73731   0.31068  -0.00741   0.25587   0.20524
            0.8784    0.9865    0.5248      .       0.0003    0.0008    0.0002    0.1825    0.9753    0.2762    0.3854
Superplasticizer__component_5__k  -0.02785   0.14584   0.17473  -0.72848   1.00000   0.16217   0.45346  -0.35054  -0.30510  -0.25068  -0.47074
            0.9072    0.5395    0.4612    0.0003      .       0.4945    0.0446    0.1297    0.1909    0.2864    0.0362
Coarse_Aggregate___component_6__  -0.18330  -0.09564   0.36978  -0.68702   0.16217   1.00000   0.56945  -0.17228   0.25574  -0.19253   0.15387
            0.4392    0.6884    0.1086    0.0008    0.4945      .       0.0088    0.4676    0.2765    0.4161    0.5172
Fine_Aggregate__component_7__kg_  -0.59156   0.29618   0.13923  -0.73731   0.45346   0.56945   1.00000  -0.19720  -0.23847  -0.17527  -0.30071
            0.0060    0.2048    0.5582    0.0002    0.0446    0.0088      .       0.4046    0.3113    0.4598    0.1977
Age__day_  -0.06526   0.20790  -0.17318   0.31068  -0.35054  -0.17228  -0.19720   1.00000   0.08508   0.97523   0.19273
            0.7846    0.3791    0.4653    0.1825    0.1297    0.4676    0.4046      .       0.7214    <.0001    0.4156
Concrete_compressive_strength_MP   0.21821  -0.04054  -0.32902  -0.00741  -0.30510   0.25574  -0.23847   0.08508   1.00000   0.05099   0.95067
            0.3554    0.8652    0.1566    0.9753    0.1909    0.2765    0.3113    0.7214      .       0.8309    <.0001
Q         -0.06196   0.21929  -0.16350   0.25587  -0.25068  -0.19253  -0.17527   0.97523   0.05099   1.00000   0.14199
            0.7952    0.3529    0.4910    0.2762    0.2864    0.4161    0.4598    <.0001    0.8309      .       0.5504
lop        0.05636   0.07592  -0.39064   0.20524  -0.47074   0.15387  -0.30071   0.19273   0.95067   0.14199   1.00000
            0.8134    0.7504    0.0886    0.3854    0.0362    0.5172    0.1977    0.4156    <.0001    0.5504      .
                                                Corr matrix for Stregnth

                                                  The MEANS Procedure

 Variable                                    Mean         Std Dev    Std Error       Lower 95%       Upper 95%         Minimum   Lower Quartile          Median   Upper Quartile          Maximum        N
                                                                                     CL for Mean   CL for Mean                                                                                            
 ---------------------------------------------------------------------------------------------------------------------------------------------------------------------------------------------------------
 Cement__component_1__kg_in_a_m_3     294.8650000     112.7974443   25.2222753     242.0741710     347.6558290     139.6000000      194.3000000     285.0000000      377.0000000      540.0000000       20
 Blast_Furnace_Slag__component_2_     104.1750000      67.2301614   15.0331211      72.7103159     135.6396841       0.0000000       57.0000000     114.0000000      142.5000000      209.4000000       20
 Fly_Ash__component_3__kg_in_a_m_       5.9150000      26.4526842    5.9150000      -6.4652373      18.2952373       0.0000000        0.0000000       0.0000000        0.0000000      118.3000000       20
 Water___component_4__kg_in_a_m_3     205.1300000      25.9014753    5.7917459     193.0077364     217.2522636     151.4000000      189.2500000     215.7500000      228.0000000      228.0000000       20
 Superplasticizer__component_5__k       2.5050000       5.2468010    1.1732204       0.0494215       4.9605785       0.0000000        0.0000000       0.0000000        1.2500000       18.6000000       20
 Coarse_Aggregate___component_6__     963.9300000      41.0367884    9.1761048     944.7241918     983.1358082     932.0000000      932.0000000     934.0000000      989.6000000     1047.0000000       20
 Fine_Aggregate__component_7__kg_     706.1600000      87.1280389   19.4824218     665.3828226     746.9371774     594.0000000      632.0000000     673.0000000      794.5000000      825.5000000       20
 Age__day_                            122.7500000     128.7751508   28.7949991      62.4813742     183.0186258       3.0000000       28.0000000      73.0000000      225.0000000      365.0000000       20
 Concrete_compressive_strength_MP      39.3190000      12.4898426    2.7928137      33.4735737      45.1644263      15.3400000       33.2100000      40.6600000       43.1600000       79.9900000       20
 Q                                      0.8000000       1.1516578    0.2575185       0.2610075       1.3389925       0.0000000        0.0000000       0.0000000        1.5000000        3.0000000       20
 lop                                    3.6242059       0.3250977    0.0726941       3.4720555       3.7763563       2.7304638        3.5028347       3.7051988        3.7648359        4.3819016       20
 ---------------------------------------------------------------------------------------------------------------------------------------------------------------------------------------------------------

